angular_z
  0.14  
  0.14  
  0.14  
  0.14  
  0.14  
  0.14  
  0.14  
  0.15  
  0.15  
  0.14  
  0.15  
  0.15  
  0.14  
  0.14  
  0.14  
  0.14  
  0.14  
  0.14  
  0.14  
  0.15  
  0.15  
  0.15  
  0.15  
  0.15  
  0.16  
  0.13  
  0.14  
  0.15  
  0.16  
  0.15  
  0.13  
  0.13  
 -0.50  
 -0.00  
 -0.00  
 -0.00  
  0.01  
 -0.00  
 -0.01  
  0.01  
 -0.00  
 -0.00  
  0.01  
 -0.00  
 -0.00  
 -0.00  
  0.00  
 -0.01  
  0.00  
 -0.01  
 -0.01  
 -0.58  
 -0.00  
 -0.00  
 -0.01  
  0.00  
 -0.01  
 -0.00  
  0.00  
 -0.00  
 -0.01  
  0.00  
  0.00  
 -0.01  
  0.00  
  0.00  
 -0.01  
 -0.00  
  0.00  
  0.00  
  0.00  
 -0.31  
 -0.01  
 -0.00  
  0.00  
 -0.00  
 -0.01  
  0.00  
  0.01  
 -0.01  
  0.00  
 -0.00  
 -0.00  
 -0.00  
  0.01  
 -0.00  
 -0.01  
 -0.00  
 -0.00  
 -0.01  
 -0.00  
 -0.27  
 -0.00  
  0.00  
  0.01  
  0.00  
  0.00  
  0.00  
 -0.01  
 -0.00  
  0.00  
 -0.00  
 -0.01  
  0.00  
 -0.00  
 -0.01  
  0.00  
  0.00  
 -0.00  
 -0.00  
  0.00  
 -0.00  
  0.16  
  0.15  
  0.15  
  0.14  
  0.14  
  0.14  
  0.14  
  0.14  
  0.14  
 -0.32  
 -0.01  
  0.00  
 -0.00  
 -0.01  
  0.01  
  0.00  
 -0.01  
 -0.00  
 -0.00  
 -0.01  
 -0.00  
  0.01  
  0.14  
  0.14  
  0.14  
  0.14  
  0.14  
  0.14  
  0.14  
 -0.49  
 -0.01  
  0.01  
 -0.00  
 -0.01  
  0.00  
  0.00  
 -0.02  
 -0.01  
  0.01  
 -0.02  
  0.00  
  0.01  
 -0.01  
 -0.00  
