linear_y
  0.00  
 -0.00  
  0.00  
  0.00  
  0.00  
 -0.00  
 -0.00  
  0.00  
 -0.00  
  0.00  
  0.00  
 -0.00  
 -0.00  
 -0.00  
  0.00  
 -0.00  
  0.00  
 -0.00  
  0.00  
  0.00  
 -0.00  
 -0.00  
 -0.00  
 -0.00  
 -0.00  
  0.00  
  0.00  
 -0.00  
 -0.00  
 -0.01  
 -0.00  
  0.00  
 -0.18  
 -0.26  
 -0.26  
 -0.26  
 -0.26  
 -0.26  
 -0.26  
 -0.26  
 -0.26  
 -0.26  
 -0.26  
 -0.26  
 -0.26  
 -0.26  
 -0.26  
 -0.26  
 -0.26  
 -0.26  
 -0.26  
 -0.17  
 -0.25  
 -0.26  
 -0.26  
 -0.25  
 -0.26  
 -0.25  
 -0.26  
 -0.26  
 -0.25  
 -0.26  
 -0.26  
 -0.25  
 -0.26  
 -0.26  
 -0.25  
 -0.26  
 -0.26  
 -0.25  
 -0.26  
 -0.17  
 -0.26  
 -0.26  
 -0.26  
 -0.26  
 -0.27  
 -0.26  
 -0.26  
 -0.26  
 -0.26  
 -0.26  
 -0.26  
 -0.26  
 -0.26  
 -0.26  
 -0.26  
 -0.26  
 -0.26  
 -0.26  
 -0.26  
 -0.18  
 -0.27  
 -0.27  
 -0.27  
 -0.27  
 -0.27  
 -0.27  
 -0.27  
 -0.27  
 -0.27  
 -0.27  
 -0.27  
 -0.27  
 -0.27  
 -0.27  
 -0.27  
 -0.27  
 -0.27  
 -0.27  
 -0.27  
 -0.27  
 -0.01  
 -0.00  
  0.00  
  0.00  
  0.00  
  0.00  
 -0.00  
  0.00  
  0.00  
 -0.22  
 -0.32  
 -0.32  
 -0.32  
 -0.32  
 -0.32  
 -0.32  
 -0.32  
 -0.32  
 -0.32  
 -0.32  
 -0.32  
 -0.32  
 -0.00  
  0.00  
  0.00  
  0.00  
  0.00  
 -0.00  
 -0.00  
 -0.24  
 -0.34  
 -0.34  
 -0.34  
 -0.34  
 -0.34  
 -0.34  
 -0.34  
 -0.34  
 -0.34  
 -0.34  
 -0.34  
 -0.34  
 -0.34  
 -0.34  
