linear_x
 -0.00  
  0.00  
  0.00  
  0.00  
  0.00  
  0.00  
  0.00  
  0.00  
 -0.00  
  0.00  
  0.00  
  0.00  
  0.00  
  0.00  
  0.00  
  0.00  
  0.00  
  0.00  
  0.00  
  0.00  
  0.00  
  0.01  
  0.00  
  0.00  
  0.00  
 -0.00  
  0.00  
  0.00  
 -0.01  
  0.01  
  0.00  
 -0.00  
 -0.15  
 -0.23  
 -0.23  
 -0.23  
 -0.23  
 -0.23  
 -0.23  
 -0.23  
 -0.23  
 -0.23  
 -0.23  
 -0.23  
 -0.24  
 -0.23  
 -0.23  
 -0.24  
 -0.23  
 -0.23  
 -0.24  
 -0.14  
 -0.23  
 -0.24  
 -0.24  
 -0.24  
 -0.24  
 -0.24  
 -0.24  
 -0.24  
 -0.24  
 -0.24  
 -0.24  
 -0.24  
 -0.24  
 -0.24  
 -0.24  
 -0.24  
 -0.24  
 -0.24  
 -0.24  
 -0.14  
 -0.23  
 -0.23  
 -0.23  
 -0.23  
 -0.23  
 -0.23  
 -0.23  
 -0.23  
 -0.23  
 -0.23  
 -0.23  
 -0.23  
 -0.23  
 -0.23  
 -0.23  
 -0.23  
 -0.23  
 -0.23  
 -0.23  
 -0.14  
 -0.22  
 -0.22  
 -0.22  
 -0.22  
 -0.23  
 -0.22  
 -0.22  
 -0.22  
 -0.22  
 -0.22  
 -0.23  
 -0.23  
 -0.22  
 -0.22  
 -0.23  
 -0.22  
 -0.22  
 -0.22  
 -0.22  
 -0.22  
 -0.01  
  0.00  
 -0.00  
  0.00  
 -0.00  
 -0.00  
  0.00  
 -0.00  
  0.00  
 -0.09  
 -0.14  
 -0.14  
 -0.14  
 -0.14  
 -0.14  
 -0.14  
 -0.14  
 -0.14  
 -0.14  
 -0.14  
 -0.14  
 -0.14  
 -0.00  
  0.00  
 -0.00  
  0.00  
 -0.00  
  0.00  
 -0.00  
 -0.04  
 -0.07  
 -0.07  
 -0.07  
 -0.07  
 -0.07  
 -0.07  
 -0.07  
 -0.07  
 -0.07  
 -0.07  
 -0.08  
 -0.07  
 -0.08  
 -0.07  
